usecolor=1;
ilacemode=0;
usekeystone=1;
gamma=2.0; density=2.0;
framepervol=8; hwsync_frame0=3;
hwsync_phase=8.000000; hwsync_levthresh=384;
hwsync_amp0=1.000000; hwsync_pha0=0;
hwsync_amp1=1.000000; hwsync_pha1=0;
hwsync_amp2=1.000000; hwsync_pha2=0;
hwsync_amp3=1.000000; hwsync_pha3=0;
voxie_vol=51.00;
sndfx_vol=100.00;
emuhang=25.0; emuvang=-45.0; emudist=1350; //initial camera angle&pos for emulation (horiz/vert, degrees), camera distance
aspx=1.00; aspy=1.00; aspz=0.37;
drawstroke=3; dither=3;
smear=0;
flip=0;
proj0x0= 159.49; proj0y0= 122.86; proj0x2= 587.21; proj0y2= 101.55;
proj0x1= 106.96; proj0y1=  16.93; proj0x3= 613.21; proj0y3=   4.51;
proj0x6= 173.23; proj0y6= 975.45; proj0x4= 560.08; proj0y4= 971.14;
proj0x7= 129.50; proj0y7=1000.79; proj0x5= 589.28; proj0y5= 996.07;
colo0_r=255; colo0_g=255; colo0_b=255;
mono0_r=160; mono0_g=160; mono0_b=160;
mirror0x=1; mirror0y=0;
